1,삼성전자,13.05%,58,000,하락,-1.69%,17,165,931,58,800,58,900,58,000,14.18,4.15
2,한켐,4.59%,25,650,상승,+42.50%,19,146,404,32,500,33,300,24,850,N/A,24.14
3,루미르,3.31%,14,810,하락,-0.67%,25,588,872,13,760,15,940,12,390,-34.93,-24.89
4,SK하이닉스,3.12%,190,600,하락,-0.16%,2,295,168,195,300,195,300,189,800,55.54,-15.61
5,두산에너빌리티,3.04%,20,500,하락,-0.73%,11,075,015,20,300,21,300,20,000,82.66,0.78



6,유한양행,2.39%,154,000,하락,-3.75%,1,436,607,160,000,160,000,154,000,83.60,6.74
7,샤페론,2.34%,4,305,상승,+16.67%,15,312,200,3,760,4,595,3,520,-6.57,N/A
8,와이제이링크,2.26%,16,720,하락,-13.19%,7,673,929,18,100,19,000,15,750,24.48,21.09
9,카카오,2.02%,37,650,하락,-4.44%,1,155,282,39,300,39,350,37,500,-17.22,-10.26
10,YG PLUS,1.95%,4,325,상승,+24.28%,22,101,821,3,995,4,520,3,865,42.40,14.12



11,POSCO홀딩스,1.77%,331,500,하락,-3.49%,194,200,340,500,342,000,331,000,20.73,3.18
12,현대차,1.52%,235,500,하락,-0.63%,294,583,236,000,239,000,232,500,5.10,13.68
13,기아,1.44%,92,500,하락,-2.63%,1,329,841,93,600,94,100,92,200,3.87,20.44
14,에코프로비엠,1.44%,157,400,하락,-4.55%,296,713,163,700,164,800,157,300,-97.95,-0.64
15,NAVER,1.38%,172,000,하락,-2.71%,451,401,176,900,177,100,171,300,18.22,4.41



16,동서,1.37%,24,900,상승,+27.89%,1,854,718,20,000,25,200,19,830,14.93,9.23
17,에코프로,1.33%,76,800,하락,-4.48%,604,179,80,300,80,300,76,700,-85.05,3.43
18,셀트리온,1.26%,187,500,하락,-2.19%,355,189,191,300,192,500,187,500,105.93,5.07
19,알테오젠,1.17%,381,000,하락,-4.15%,380,747,399,500,402,000,380,500,-15,875.00,-2.27
20,한화인더스트리얼솔루션즈,1.11%,37,100,하락,-5.84%,2,306,763,39,400,39,650,36,850,N/A,N/A



21,HLB,1.10%,69,600,하락,-1.83%,457,025,70,500,70,700,69,400,-42.88,-32.55
22,한미반도체,1.05%,100,100,하락,-1.38%,630,626,103,400,104,200,99,800,61.71,55.54
23,리가켐바이오,1.05%,130,300,하락,-0.31%,684,686,130,700,139,600,129,700,-116.34,-40.08
24,한세예스24홀딩스,1.02%,5,110,상승,+3.23%,8,547,893,4,875,5,860,4,795,4.22,12.30
25,LG에너지솔루션,1.01%,382,500,하락,-1.80%,143,635,386,500,388,000,376,500,-532.73,6.36



26,한일단조,0.98%,2,710,상승,+19.12%,35,378,815,2,455,2,855,2,405,18.44,6.46
27,펩트론,0.98%,92,400,하락,-3.25%,746,019,97,000,97,500,91,800,-100.33,-35.69
28,한국전력,0.97%,21,650,상승,+1.88%,1,751,547,21,350,21,950,21,300,5.24,-12.63
29,현대모비스,0.96%,248,000,상승,+1.64%,165,527,241,000,249,500,240,000,6.63,8.73
30,두산로보틱스,0.94%,67,200,하락,-6.15%,694,078,70,800,71,900,67,100,-312.56,-6.59



